# unix_time, cycles_done, cur_path, paths_total, pending_total, pending_favs, map_size, unique_crashes, unique_hangs, max_depth, execs_per_sec
1555462261, 0, 0, 1, 1, 1, 0.00%, 0, 0, 1, 1600.00
1555462267, 58, 0, 1, 0, 0, 0.00%, 0, 0, 1, 2619.13
1555462272, 115, 0, 1, 0, 0, 0.00%, 0, 0, 1, 2853.66
1555462277, 172, 0, 1, 0, 0, 0.00%, 0, 0, 1, 2848.03
1555462282, 228, 0, 1, 0, 0, 0.00%, 0, 0, 1, 2873.87
1555462287, 287, 0, 1, 0, 0, 0.00%, 0, 0, 1, 2943.01
1555462292, 345, 0, 1, 0, 0, 0.00%, 0, 0, 1, 2917.20
1555462297, 403, 0, 1, 0, 0, 0.00%, 0, 0, 1, 2940.62
1555462302, 461, 0, 1, 0, 0, 0.00%, 0, 0, 1, 2946.29
1555462307, 519, 0, 1, 0, 0, 0.00%, 0, 0, 1, 2948.70
1555462312, 577, 0, 1, 0, 0, 0.00%, 0, 0, 1, 2944.69
1555462317, 635, 0, 1, 0, 0, 0.00%, 0, 0, 1, 2956.91
1555462322, 694, 0, 1, 0, 0, 0.00%, 0, 0, 1, 2958.02
1555462327, 753, 0, 1, 0, 0, 0.00%, 0, 0, 1, 2964.11
1555462333, 812, 0, 1, 0, 0, 0.00%, 0, 0, 1, 2959.33
1555462338, 870, 0, 1, 0, 0, 0.00%, 0, 0, 1, 2967.67
1555462343, 928, 0, 1, 0, 0, 0.00%, 0, 0, 1, 2958.72
1555462348, 988, 0, 1, 0, 0, 0.00%, 0, 0, 1, 2966.96
1555462353, 1046, 0, 1, 0, 0, 0.00%, 0, 0, 1, 2966.08
1555462358, 1105, 0, 1, 0, 0, 0.00%, 0, 0, 1, 2962.81
1555462363, 1164, 0, 1, 0, 0, 0.00%, 0, 0, 1, 2956.46
1555462368, 1222, 0, 1, 0, 0, 0.00%, 0, 0, 1, 2956.58
1555462373, 1281, 0, 1, 0, 0, 0.00%, 0, 0, 1, 2946.28
1555462378, 1339, 0, 1, 0, 0, 0.00%, 0, 0, 1, 2949.38
1555462383, 1398, 0, 1, 0, 0, 0.00%, 0, 0, 1, 2960.17
1555462389, 1458, 0, 1, 0, 0, 0.00%, 0, 0, 1, 2954.12
1555462394, 1517, 0, 1, 0, 0, 0.00%, 0, 0, 1, 2965.89
1555462399, 1575, 0, 1, 0, 0, 0.00%, 0, 0, 1, 2959.51
1555462404, 1633, 0, 1, 0, 0, 0.00%, 0, 0, 1, 2941.13
1555462409, 1691, 0, 1, 0, 0, 0.00%, 0, 0, 1, 2937.52
1555462414, 1749, 0, 1, 0, 0, 0.00%, 0, 0, 1, 2914.47
1555462419, 1807, 0, 1, 0, 0, 0.00%, 0, 0, 1, 2948.74
1555462424, 1865, 0, 1, 0, 0, 0.00%, 0, 0, 1, 2947.17
1555462429, 1924, 0, 1, 0, 0, 0.00%, 0, 0, 1, 2904.51
1555462434, 1980, 0, 1, 0, 0, 0.00%, 0, 0, 1, 2892.18
1555462439, 2038, 0, 1, 0, 0, 0.00%, 0, 0, 1, 2938.32
